   1.0000000e+00   1.1000000e+01   3.0000000e+00   3.0000000e+00   6.0000000e+00   2.0961228e+00
   1.0000000e+00   1.1000000e+01   8.0000000e+00   4.0000000e+00   6.0000000e+00   1.0611218e+01
   3.0000000e+00   1.3000000e+01   7.0000000e+00   1.2000000e+01   1.0000000e+00   1.6659131e+00
   3.0000000e+00   1.3000000e+01   4.0000000e+00   1.2000000e+01   2.0000000e+00   2.0639928e+00
   3.0000000e+00   5.0000000e+00   4.0000000e+00   1.2000000e+01   2.0000000e+00   9.4354424e-01
   3.0000000e+00   1.3000000e+01   4.0000000e+00   3.0000000e+00   1.0000000e+00   4.3466312e-01
   3.0000000e+00   1.3000000e+01   4.0000000e+00   1.1000000e+01   1.0000000e+00   9.3898149e-01
   3.0000000e+00   5.0000000e+00   4.0000000e+00   3.0000000e+00   1.0000000e+00   1.0994386e+00
   3.0000000e+00   9.0000000e+00   7.0000000e+00   1.2000000e+01   1.0000000e+00   5.0430841e+00
   3.0000000e+00   2.0000000e+00   4.0000000e+00   1.2000000e+01   2.0000000e+00   3.1268555e+00
   1.0000000e+00   1.3000000e+01   3.0000000e+00   1.0000000e+00   2.0000000e+00   4.6959866e+01
   3.0000000e+00   2.0000000e+00   4.0000000e+00   3.0000000e+00   1.0000000e+00   2.3657638e-01
   3.0000000e+00   6.0000000e+00   7.0000000e+00   5.0000000e+00   2.0000000e+00   3.9964449e+01
   3.0000000e+00   1.0000000e+01   7.0000000e+00   5.0000000e+00   2.0000000e+00   1.0000000e+00
   3.0000000e+00   3.0000000e+00   7.0000000e+00   5.0000000e+00   2.0000000e+00   1.0000000e+00
   7.0000000e+00   5.0000000e+00   0.0000000e+00   0.0000000e+00   2.0000000e+00   1.0000000e+00
   3.0000000e+00   1.0000000e+00   7.0000000e+00   5.0000000e+00   2.0000000e+00   1.0000000e+00
   6.0000000e+00   1.0000000e+00   7.0000000e+00   5.0000000e+00   2.0000000e+00   1.0000000e+00
   6.0000000e+00   3.0000000e+00   7.0000000e+00   5.0000000e+00   2.0000000e+00   1.0000000e+00
   6.0000000e+00   6.0000000e+00   7.0000000e+00   5.0000000e+00   2.0000000e+00   1.0000000e+00
   6.0000000e+00   1.0000000e+01   7.0000000e+00   5.0000000e+00   2.0000000e+00   1.0000000e+00
   3.0000000e+00   9.0000000e+00   4.0000000e+00   1.2000000e+01   2.0000000e+00   1.1650422e+00
   3.0000000e+00   9.0000000e+00   4.0000000e+00   3.0000000e+00   1.0000000e+00   8.7600212e+00
   3.0000000e+00   1.4000000e+01   7.0000000e+00   1.2000000e+01   1.0000000e+00   1.6526232e+01
   3.0000000e+00   5.0000000e+00   4.0000000e+00   1.1000000e+01   1.0000000e+00   1.0778276e+00
   2.0000000e+00   7.0000000e+00   6.0000000e+00   5.0000000e+00   4.0000000e+00   7.7691365e-01
   1.0000000e+00   6.0000000e+00   5.0000000e+00   9.0000000e+00   5.0000000e+00   3.8740699e+00
   4.0000000e+00   1.0000000e+01   9.0000000e+00   8.0000000e+00   3.0000000e+00   5.1919131e+02
   2.0000000e+00   1.0000000e+01   3.0000000e+00   5.0000000e+00   3.0000000e+00   2.0416718e+02
