   1.0000000e+00   1.1000000e+01   3.0000000e+00   3.0000000e+00   6.0000000e+00   2.6746813e-01
   2.0000000e+00   4.0000000e+00   8.0000000e+00   4.0000000e+00   6.0000000e+00   1.7714469e+00
   3.0000000e+00   1.3000000e+01   4.0000000e+00   1.2000000e+01   2.0000000e+00   1.4087488e+00
   3.0000000e+00   5.0000000e+00   4.0000000e+00   1.2000000e+01   2.0000000e+00   1.9924241e+00
   3.0000000e+00   1.3000000e+01   4.0000000e+00   1.1000000e+01   1.0000000e+00   9.4602012e-01
   3.0000000e+00   9.0000000e+00   7.0000000e+00   1.2000000e+01   1.0000000e+00   1.0215001e+01
   3.0000000e+00   2.0000000e+00   4.0000000e+00   1.2000000e+01   2.0000000e+00   8.3890795e-01
   3.0000000e+00   6.0000000e+00   7.0000000e+00   5.0000000e+00   2.0000000e+00   6.6529575e+00
   1.0000000e+00   1.3000000e+01   0.0000000e+00   0.0000000e+00   2.0000000e+00   2.4751873e+00
   2.0000000e+00   7.0000000e+00   6.0000000e+00   5.0000000e+00   4.0000000e+00   9.9143965e-02
   5.0000000e+00   1.4000000e+01   6.0000000e+00   3.0000000e+00   5.0000000e+00   5.8912070e-01
   4.0000000e+00   1.0000000e+01   9.0000000e+00   8.0000000e+00   3.0000000e+00   7.3125877e+01
   2.0000000e+00   1.0000000e+01   3.0000000e+00   9.0000000e+00   3.0000000e+00   1.1281464e+01
