   4.3283582e-01   4.3759398e-01   1.0000000e+00   2.5233645e-01   3.5178571e-01   9.6618357e-03   3.0855019e-01   0.0000000e+00   0.0000000e+00   1.0000000e+00
   2.8358209e-01   4.7518797e-01   8.0178174e-01   3.3333333e-01   5.2142857e-01   7.7294686e-02   2.2304833e-01   0.0000000e+00   0.0000000e+00   1.0000000e+00
   2.2080773e-01   4.2105263e-01   7.9064588e-01   3.8940810e-01   5.6785714e-01   6.2801932e-02   2.1840149e-01   0.0000000e+00   0.0000000e+00   1.0000000e+00
   2.8577700e-01   3.7293233e-01   8.2182628e-01   3.1152648e-01   5.0000000e-01   9.1787440e-02   2.5929368e-01   0.0000000e+00   0.0000000e+00   1.0000000e+00
   2.7524144e-01   3.8195489e-01   8.0623608e-01   2.9595016e-01   5.8392857e-01   8.8566828e-02   2.4535316e-01   0.0000000e+00   0.0000000e+00   1.0000000e+00
   2.1115013e-01   3.0977444e-01   8.0400891e-01   4.1433022e-01   5.6428571e-01   1.0305958e-01   2.4535316e-01   0.0000000e+00   5.0980392e-01   1.0000000e+00
   2.7568042e-01   3.8646617e-01   8.0178174e-01   2.6479751e-01   5.8571429e-01   9.3397746e-02   2.5464684e-01   0.0000000e+00   0.0000000e+00   1.0000000e+00
   2.8138718e-01   3.6390977e-01   8.0400891e-01   2.3676012e-01   6.1250000e-01   9.1787440e-02   2.6115242e-01   0.0000000e+00   0.0000000e+00   1.0000000e+00
   3.5250219e-01   4.9774436e-01   7.9732739e-01   3.3644860e-01   4.0535714e-01   9.0177134e-02   2.6672862e-01   0.0000000e+00   0.0000000e+00   1.0000000e+00
   2.8094820e-01   3.4135338e-01   8.0178174e-01   3.3333333e-01   5.6785714e-01   9.1787440e-02   2.7602230e-01   0.0000000e+00   2.1568627e-01   1.0000000e+00
   2.0017559e-01   2.9924812e-01   7.7060134e-01   3.9563863e-01   6.0535714e-01   1.0789050e-01   2.4721190e-01   0.0000000e+00   4.7058824e-01   1.0000000e+00
   2.8446005e-01   3.1127820e-01   8.1514477e-01   3.0529595e-01   5.7142857e-01   9.6618357e-02   2.9089219e-01   0.0000000e+00   0.0000000e+00   1.0000000e+00
   2.0807726e-01   3.2330827e-01   7.6391982e-01   3.4579439e-01   6.1964286e-01   1.1111111e-01   2.4349442e-01   0.0000000e+00   4.7058824e-01   1.0000000e+00
   2.7787533e-01   3.2030075e-01   7.9287305e-01   3.0529595e-01   6.0714286e-01   8.6956522e-02   2.7416357e-01   0.0000000e+00   3.3333333e-01   1.0000000e+00
   2.8446005e-01   2.8270677e-01   7.9955457e-01   3.1775701e-01   6.2142857e-01   9.3397746e-02   2.8531599e-01   0.0000000e+00   0.0000000e+00   1.0000000e+00
   2.8358209e-01   3.1278195e-01   7.8841871e-01   2.9283489e-01   6.1250000e-01   9.3397746e-02   2.7509294e-01   0.0000000e+00   0.0000000e+00   1.0000000e+00
   2.9367867e-01   2.9323308e-01   8.1737194e-01   2.7102804e-01   5.8928571e-01   9.8228663e-02   3.0390335e-01   0.0000000e+00   0.0000000e+00   1.0000000e+00
   4.7453907e-01   5.4586466e-01   8.5746102e-01   1.8691589e-01   2.7678571e-01   2.4154589e-02   3.4572491e-01   0.0000000e+00   0.0000000e+00   1.0000000e+00
   3.4942932e-01   4.7669173e-01   8.3073497e-01   2.7725857e-01   4.1250000e-01   9.6618357e-03   3.2156134e-01   0.0000000e+00   0.0000000e+00   1.0000000e+00
   2.7216857e-01   3.4436090e-01   7.8841871e-01   4.3613707e-01   5.2142857e-01   8.6956522e-02   2.7973978e-01   0.0000000e+00   1.3725490e-01   1.0000000e+00
   2.7875329e-01   3.1428571e-01   7.9064588e-01   3.7383178e-01   5.2500000e-01   8.6956522e-02   2.8717472e-01   0.0000000e+00   3.7254902e-01   1.0000000e+00
   3.7357331e-01   6.0751880e-01   8.3518931e-01   0.0000000e+00   3.9464286e-01   4.8309179e-03   3.3178439e-01   0.0000000e+00   0.0000000e+00   1.0000000e+00
   2.7260755e-01   3.0827068e-01   8.0623608e-01   3.1152648e-01   5.3214286e-01   9.5008052e-02   3.0390335e-01   0.0000000e+00   0.0000000e+00   1.0000000e+00
   2.7919227e-01   3.1278195e-01   7.9510022e-01   3.3021807e-01   5.7321429e-01   9.9838969e-02   2.9368030e-01   0.0000000e+00   0.0000000e+00   1.0000000e+00
   2.6558385e-01   3.9849624e-01   7.7951002e-01   2.6791277e-01   5.4285714e-01   8.0515298e-02   2.7881041e-01   0.0000000e+00   0.0000000e+00   1.0000000e+00
   2.8489903e-01   3.3834586e-01   7.8841871e-01   2.8660436e-01   5.6964286e-01   1.0466989e-01   2.8810409e-01   0.0000000e+00   0.0000000e+00   1.0000000e+00
   2.9762950e-01   3.7293233e-01   7.7505568e-01   3.4890966e-01   5.0535714e-01   9.5008052e-02   2.7881041e-01   0.0000000e+00   0.0000000e+00   1.0000000e+00
   2.6602283e-01   3.2180451e-01   7.7505568e-01   3.2398754e-01   5.7678571e-01   9.0177134e-02   2.7881041e-01   0.0000000e+00   0.0000000e+00   1.0000000e+00
   2.8665496e-01   2.7518797e-01   7.8396437e-01   3.5514019e-01   5.9642857e-01   9.1787440e-02   2.8903346e-01   0.0000000e+00   0.0000000e+00   1.0000000e+00
   2.9367867e-01   3.5338346e-01   7.7728285e-01   3.0841121e-01   5.4464286e-01   9.6618357e-02   2.8438662e-01   0.0000000e+00   0.0000000e+00   1.0000000e+00
   2.8665496e-01   2.8872180e-01   7.9287305e-01   3.1464174e-01   5.8392857e-01   9.8228663e-02   3.0297398e-01   0.0000000e+00   2.7450980e-01   1.0000000e+00
   2.7743635e-01   3.1729323e-01   7.7951002e-01   2.6479751e-01   6.1785714e-01   9.0177134e-02   2.8996283e-01   0.0000000e+00   0.0000000e+00   1.0000000e+00
   2.8972783e-01   3.1879699e-01   7.7505568e-01   2.9283489e-01   5.6428571e-01   9.8228663e-02   2.9089219e-01   2.8571429e-02   4.3137255e-01   1.0000000e+00
   2.8007024e-01   2.7669173e-01   7.7282851e-01   3.3956386e-01   6.3928571e-01   9.6618357e-02   2.8996283e-01   0.0000000e+00   1.1764706e-01   1.0000000e+00
   2.9323968e-01   2.9473684e-01   7.8841871e-01   3.2710280e-01   5.6071429e-01   9.1787440e-02   3.0855019e-01   0.0000000e+00   0.0000000e+00   1.0000000e+00
   1.9841967e-01   3.8496241e-01   7.6837416e-01   2.8660436e-01   5.2321429e-01   9.0177134e-02   2.9182156e-01   0.0000000e+00   0.0000000e+00   1.0000000e+00
   3.4855136e-01   4.7518797e-01   7.8619154e-01   3.2087227e-01   3.5714286e-01   8.2125604e-02   3.1133829e-01   3.4920635e-02   0.0000000e+00   1.0000000e+00
   2.9938543e-01   3.0225564e-01   7.7505568e-01   3.3021807e-01   5.6250000e-01   1.0305958e-01   3.0204461e-01   0.0000000e+00   0.0000000e+00   1.0000000e+00
   4.8200176e-01   5.2330827e-01   8.5077951e-01   5.6074766e-02   3.5000000e-01   1.7713366e-02   3.8475836e-01   0.0000000e+00   0.0000000e+00   1.0000000e+00
   4.8200176e-01   5.2330827e-01   8.5077951e-01   5.6074766e-02   3.5000000e-01   1.7713366e-02   3.8475836e-01   0.0000000e+00   0.0000000e+00   1.0000000e+00
   2.9762950e-01   3.0977444e-01   7.7951002e-01   2.5856698e-01   5.7500000e-01   1.0305958e-01   3.1040892e-01   0.0000000e+00   0.0000000e+00   1.0000000e+00
   2.8094820e-01   2.9774436e-01   7.6169265e-01   2.8348910e-01   6.0535714e-01   9.5008052e-02   2.9832714e-01   0.0000000e+00   0.0000000e+00   1.0000000e+00
   2.9148376e-01   3.7293233e-01   7.5501114e-01   3.2398754e-01   5.2678571e-01   9.5008052e-02   2.9368030e-01   0.0000000e+00   0.0000000e+00   1.0000000e+00
   4.8068481e-01   4.5112782e-01   8.5523385e-01   1.3395639e-01   3.4821429e-01   2.7375201e-02   4.0055762e-01   0.0000000e+00   0.0000000e+00   1.0000000e+00
   2.9455663e-01   3.0075188e-01   7.6391982e-01   2.8037383e-01   5.6071429e-01   9.9838969e-02   3.0947955e-01   0.0000000e+00   5.8823529e-01   1.0000000e+00
   3.4460053e-01   4.1503759e-01   7.7505568e-01   3.3021807e-01   3.8214286e-01   8.8566828e-02   3.3178439e-01   0.0000000e+00   0.0000000e+00   1.0000000e+00
   3.3099210e-01   3.6992481e-01   7.5055679e-01   2.7725857e-01   5.1964286e-01   9.1787440e-02   3.1598513e-01   0.0000000e+00   3.1372549e-01   1.0000000e+00
   6.8129939e-01   4.9022556e-01   8.2405345e-01   1.3084112e-01   3.1428571e-01   3.2206119e-03   4.0799257e-01   0.0000000e+00   1.9607843e-01   1.0000000e+00
   4.8639157e-01   3.7293233e-01   8.3964365e-01   1.5576324e-01   3.8928571e-01   2.0933977e-02   4.2657993e-01   0.0000000e+00   0.0000000e+00   1.0000000e+00
   3.4372256e-01   4.2857143e-01   7.4610245e-01   2.9283489e-01   4.0535714e-01   9.5008052e-02   3.2342007e-01   0.0000000e+00   0.0000000e+00   1.0000000e+00
   5.2897278e-01   4.4962406e-01   8.2850780e-01   6.8535826e-02   3.4642857e-01   1.4492754e-02   4.3029740e-01   0.0000000e+00   3.1372549e-01   1.0000000e+00
   3.5601405e-01   3.7142857e-01   7.4164811e-01   3.0841121e-01   4.5535714e-01   9.6618357e-02   3.4479554e-01   0.0000000e+00   2.1568627e-01   1.0000000e+00
   3.0421422e-01   4.0601504e-01   6.3919822e-01   2.8037383e-01   5.4107143e-01   8.8566828e-02   3.3457249e-01   0.0000000e+00   0.0000000e+00   1.0000000e+00
   3.1694469e-01   3.6240602e-01   6.3251670e-01   3.0841121e-01   5.4285714e-01   8.8566828e-02   3.3828996e-01   0.0000000e+00   0.0000000e+00   1.0000000e+00
   2.9104478e-01   3.7293233e-01   6.2583519e-01   3.1152648e-01   5.6607143e-01   8.2125604e-02   3.3364312e-01   0.0000000e+00   1.7647059e-01   1.0000000e+00
   2.8709394e-01   2.5864662e-01   6.0356347e-01   3.1152648e-01   6.9464286e-01   9.0177134e-02   3.3736059e-01   0.0000000e+00   4.7058824e-01   1.0000000e+00
   4.3898156e-02   3.3984962e-01   7.7282851e-01   2.5856698e-01   5.6607143e-01   9.9838969e-02   2.7137546e-01   0.0000000e+00   6.0784314e-01   1.0000000e+00
   3.1123793e-01   3.2180451e-01   7.7505568e-01   3.1152648e-01   5.6071429e-01   9.6618357e-02   2.7881041e-01   0.0000000e+00   0.0000000e+00   1.0000000e+00
   2.8050922e-01   4.1353383e-01   8.3296214e-01   2.7414330e-01   5.6785714e-01   9.5008052e-02   2.4163569e-01   0.0000000e+00   0.0000000e+00   1.0000000e+00
   2.8050922e-01   4.0000000e-01   8.1514477e-01   2.8037383e-01   5.3214286e-01   9.1787440e-02   2.6394052e-01   0.0000000e+00   2.1568627e-01   1.0000000e+00
   3.4679543e-01   4.3157895e-01   8.0623608e-01   2.5545171e-01   5.0535714e-01   2.2544283e-02   3.0947955e-01   0.0000000e+00   0.0000000e+00   1.0000000e+00
   3.7840211e-01   4.6315789e-01   7.9732739e-01   3.2087227e-01   3.4107143e-01   1.9323671e-02   3.0111524e-01   2.1904762e-01   0.0000000e+00   1.0000000e+00
   4.6400351e-01   4.1804511e-01   8.5968820e-01   1.8380062e-01   3.5357143e-01   3.7037037e-02   3.8197026e-01   0.0000000e+00   2.1568627e-01   1.0000000e+00
   4.8814750e-01   5.1729323e-01   8.4855234e-01   1.5264798e-01   2.7500000e-01   0.0000000e+00   3.9591078e-01   0.0000000e+00   0.0000000e+00   1.0000000e+00
   4.6400351e-01   4.1353383e-01   8.3296214e-01   1.9003115e-01   3.9285714e-01   2.8985507e-02   3.8847584e-01   0.0000000e+00   1.3725490e-01   1.0000000e+00
   4.3195786e-01   4.4511278e-01   7.9955457e-01   2.5856698e-01   3.8392857e-01   1.4492754e-02   3.6895911e-01   0.0000000e+00   0.0000000e+00   1.0000000e+00
   4.5522388e-01   3.4887218e-01   8.1291759e-01   1.8068536e-01   4.3035714e-01   3.0595813e-02   4.1078067e-01   0.0000000e+00   3.3333333e-01   1.0000000e+00
   4.5522388e-01   3.4887218e-01   8.1291759e-01   1.8068536e-01   4.4821429e-01   3.0595813e-02   4.1078067e-01   0.0000000e+00   3.3333333e-01   1.0000000e+00
   4.5522388e-01   3.5939850e-01   7.9732739e-01   1.9003115e-01   4.2678571e-01   3.7037037e-02   4.0799257e-01   0.0000000e+00   3.1372549e-01   1.0000000e+00
   5.2019315e-01   3.8796992e-01   7.9732739e-01   1.6510903e-01   3.8928571e-01   1.9323671e-02   4.4052045e-01   0.0000000e+00   5.8823529e-02   1.0000000e+00
   2.0149254e-01   6.2105263e-01   8.1737194e-01   4.5171340e-01   3.6785714e-01   2.5764895e-02   1.7936803e-01   0.0000000e+00   2.3529412e-01   2.0000000e+00
   3.2177349e-01   4.3759398e-01   8.6191537e-01   3.0529595e-01   3.8392857e-01   8.6956522e-02   2.6858736e-01   0.0000000e+00   6.2745098e-01   2.0000000e+00
   2.0983319e-01   3.5488722e-01   7.9955457e-01   3.8317757e-01   5.8750000e-01   1.0789050e-01   2.2304833e-01   0.0000000e+00   0.0000000e+00   2.0000000e+00
   2.2651449e-01   3.9248120e-01   7.9510022e-01   3.9875389e-01   5.4642857e-01   9.8228663e-02   2.2862454e-01   0.0000000e+00   0.0000000e+00   2.0000000e+00
   2.1115013e-01   3.4436090e-01   7.9287305e-01   3.8940810e-01   5.8928571e-01   1.1594203e-01   2.2955390e-01   0.0000000e+00   0.0000000e+00   2.0000000e+00
   2.0851624e-01   3.4436090e-01   7.9732739e-01   3.8006231e-01   5.9107143e-01   1.1111111e-01   2.3513011e-01   0.0000000e+00   0.0000000e+00   2.0000000e+00
   2.3266023e-01   4.0751880e-01   8.0400891e-01   3.8940810e-01   4.6071429e-01   1.0628019e-01   2.4163569e-01   0.0000000e+00   0.0000000e+00   2.0000000e+00
   2.2475856e-01   3.4135338e-01   7.9732739e-01   3.8940810e-01   5.3928571e-01   9.8228663e-02   2.4256506e-01   0.0000000e+00   0.0000000e+00   2.0000000e+00
   2.1861282e-01   4.7969925e-01   7.8396437e-01   2.9906542e-01   5.4821429e-01   5.9581320e-02   2.3327138e-01   0.0000000e+00   2.7450980e-01   2.0000000e+00
   2.0851624e-01   3.1428571e-01   7.8396437e-01   5.0155763e-01   5.4464286e-01   1.1111111e-01   2.3605948e-01   0.0000000e+00   0.0000000e+00   2.0000000e+00
   2.0939421e-01   3.2030075e-01   7.8396437e-01   5.7009346e-01   5.0892857e-01   1.1111111e-01   2.3605948e-01   0.0000000e+00   0.0000000e+00   2.0000000e+00
   2.0983319e-01   3.7894737e-01   7.6837416e-01   3.5514019e-01   6.0000000e-01   9.8228663e-02   2.2583643e-01   0.0000000e+00   0.0000000e+00   2.0000000e+00
   2.3309921e-01   4.0300752e-01   7.9064588e-01   2.9906542e-01   5.3571429e-01   1.0950081e-01   2.4814126e-01   0.0000000e+00   0.0000000e+00   2.0000000e+00
   2.1027217e-01   3.5488722e-01   7.8396437e-01   3.9252336e-01   5.4642857e-01   1.0950081e-01   2.4349442e-01   0.0000000e+00   1.7647059e-01   2.0000000e+00
   1.2906058e-01   5.2932331e-01   6.8819599e-01   5.5763240e-01   4.4107143e-01   1.7713366e-01   1.5334572e-01   0.0000000e+00   0.0000000e+00   2.0000000e+00
   2.2388060e-01   3.9548872e-01   7.9732739e-01   3.7383178e-01   5.1964286e-01   7.2463768e-02   2.5836431e-01   0.0000000e+00   0.0000000e+00   2.0000000e+00
   1.9929763e-01   3.7744361e-01   7.7728285e-01   3.6760125e-01   6.1428571e-01   6.1191626e-02   2.4163569e-01   0.0000000e+00   0.0000000e+00   2.0000000e+00
   2.3266023e-01   4.0150376e-01   7.7728285e-01   3.8317757e-01   5.0714286e-01   1.0789050e-01   2.4628253e-01   0.0000000e+00   1.9607843e-01   2.0000000e+00
   2.2080773e-01   3.4285714e-01   7.7951002e-01   3.7071651e-01   5.5000000e-01   9.6618357e-02   2.5000000e-01   0.0000000e+00   0.0000000e+00   2.0000000e+00
   2.3046532e-01   2.7368421e-01   7.7505568e-01   4.9221184e-01   6.1071429e-01   1.0144928e-01   2.4628253e-01   0.0000000e+00   1.7647059e-01   2.0000000e+00
   3.1870061e-01   3.3082707e-01   8.3296214e-01   2.5545171e-01   4.4107143e-01   1.0305958e-01   3.2806691e-01   0.0000000e+00   4.3137255e-01   2.0000000e+00
   2.1510097e-01   3.2631579e-01   7.6614699e-01   3.6137072e-01   5.8035714e-01   7.0853462e-02   2.6394052e-01   0.0000000e+00   0.0000000e+00   2.0000000e+00
   2.0763828e-01   3.5939850e-01   7.5946548e-01   4.0186916e-01   6.1607143e-01   1.1272142e-02   2.7509294e-01   0.0000000e+00   3.7254902e-01   2.0000000e+00
   2.0851624e-01   3.7744361e-01   7.4387528e-01   3.6760125e-01   5.8750000e-01   6.2801932e-02   2.5929368e-01   0.0000000e+00   0.0000000e+00   2.0000000e+00
   2.2563652e-01   2.9774436e-01   7.4164811e-01   3.7383178e-01   6.1964286e-01   1.0789050e-01   2.6115242e-01   0.0000000e+00   0.0000000e+00   2.0000000e+00
   3.2704126e-01   3.9548872e-01   7.6391982e-01   3.5514019e-01   4.3750000e-01   8.2125604e-02   2.9460967e-01   0.0000000e+00   0.0000000e+00   2.0000000e+00
   3.1870061e-01   3.4436090e-01   8.0623608e-01   2.3987539e-01   4.5178571e-01   1.0305958e-01   3.4386617e-01   0.0000000e+00   2.9411765e-01   2.0000000e+00
   2.7568042e-01   2.2105263e-01   7.2383073e-01   2.7102804e-01   6.6785714e-01   9.9838969e-02   3.2249071e-01   0.0000000e+00   4.7058824e-01   2.0000000e+00
   2.5197542e-01   2.9172932e-01   6.4142539e-01   4.4236760e-01   6.0714286e-01   1.1755233e-01   2.8903346e-01   0.0000000e+00   0.0000000e+00   2.0000000e+00
   3.0553117e-01   3.3533835e-01   6.5924276e-01   3.5514019e-01   5.5535714e-01   9.6618357e-02   3.1226766e-01   4.4444444e-02   0.0000000e+00   2.0000000e+00
   2.3705004e-01   3.0375940e-01   6.3474388e-01   3.5825545e-01   6.1785714e-01   9.1787440e-02   3.1226766e-01   3.4920635e-02   4.3137255e-01   2.0000000e+00
   2.6997366e-01   2.4360902e-01   6.0579065e-01   4.1744548e-01   5.4642857e-01   1.1272142e-01   3.5315985e-01   0.0000000e+00   0.0000000e+00   2.0000000e+00
   3.0948200e-01   2.8421053e-01   6.1469933e-01   1.6822430e-01   7.1428571e-01   5.6360709e-02   3.7081784e-01   0.0000000e+00   3.9215686e-01   2.0000000e+00
   7.0676032e-01   4.6165414e-01   7.0155902e-01   1.1526480e-01   1.3571429e-01   1.2882448e-02   5.7713755e-01   0.0000000e+00   0.0000000e+00   2.0000000e+00
   5.6848112e-01   4.6616541e-01   6.4587973e-01   2.7414330e-01   2.3928571e-01   1.2882448e-02   4.9814126e-01   0.0000000e+00   0.0000000e+00   2.0000000e+00
   5.9701493e-01   1.0827068e-01   0.0000000e+00   4.9532710e-01   4.2500000e-01   1.3043478e-01   7.2583643e-01   0.0000000e+00   6.6666667e-01   2.0000000e+00
   8.8235294e-01   0.0000000e+00   0.0000000e+00   5.6386293e-01   0.0000000e+00   9.3397746e-02   7.3141264e-01   1.0000000e+00   5.4901961e-01   2.0000000e+00
   1.0000000e+00   2.3609023e-01   0.0000000e+00   2.2118380e-01   6.2500000e-02   1.9323671e-02   1.0000000e+00   0.0000000e+00   4.7058824e-01   2.0000000e+00
   4.8595259e-01   5.5639098e-01   0.0000000e+00   2.2118380e-01   5.1071429e-01   1.6103060e-02   5.6598513e-01   0.0000000e+00   1.5686275e-01   2.0000000e+00
   3.0860404e-01   4.4962406e-01   0.0000000e+00   8.4112150e-02   8.2857143e-01   0.0000000e+00   5.1672862e-01   0.0000000e+00   0.0000000e+00   2.0000000e+00
   6.7998244e-01   7.5187970e-02   0.0000000e+00   1.4953271e-01   6.0714286e-01   0.0000000e+00   8.5966543e-01   0.0000000e+00   0.0000000e+00   2.0000000e+00
   7.1290606e-01   4.3609023e-02   0.0000000e+00   1.4330218e-01   5.8392857e-01   0.0000000e+00   8.8568773e-01   0.0000000e+00   0.0000000e+00   2.0000000e+00
   7.2958736e-01   2.8721805e-01   0.0000000e+00   1.1838006e-01   3.9464286e-01   9.6618357e-03   8.3364312e-01   0.0000000e+00   0.0000000e+00   2.0000000e+00
   3.4108867e-01   4.1052632e-01   8.5300668e-01   3.0218069e-01   4.8928571e-01   9.1787440e-02   2.5836431e-01   0.0000000e+00   2.7450980e-01   2.0000000e+00
   3.2133450e-01   3.5639098e-01   8.8418708e-01   2.8037383e-01   4.6964286e-01   9.6618357e-02   2.7881041e-01   0.0000000e+00   0.0000000e+00   2.0000000e+00
   3.2089552e-01   4.0300752e-01   8.6636971e-01   3.2398754e-01   4.5892857e-01   8.2125604e-02   2.6486989e-01   0.0000000e+00   0.0000000e+00   2.0000000e+00
   3.1343284e-01   3.7744361e-01   8.6859688e-01   3.4890966e-01   4.5000000e-01   8.8566828e-02   2.6765799e-01   0.0000000e+00   1.9607843e-01   2.0000000e+00
   2.6031607e-01   4.4962406e-01   8.1959911e-01   4.7352025e-01   4.0178571e-01   1.0305958e-01   2.2769517e-01   0.0000000e+00   0.0000000e+00   2.0000000e+00
   2.4495171e-01   3.8646617e-01   8.1069042e-01   3.8629283e-01   4.8571429e-01   1.0466989e-01   2.4163569e-01   0.0000000e+00   5.6862745e-01   2.0000000e+00
   2.3573310e-01   4.2556391e-01   7.9510022e-01   3.6760125e-01   4.7142857e-01   1.0305958e-01   2.3513011e-01   0.0000000e+00   0.0000000e+00   2.0000000e+00
   3.2001756e-01   3.7894737e-01   8.3741648e-01   3.2087227e-01   4.6250000e-01   9.3397746e-02   2.7788104e-01   0.0000000e+00   0.0000000e+00   2.0000000e+00
   2.4056190e-01   3.3082707e-01   7.8841871e-01   4.1433022e-01   5.6250000e-01   1.0305958e-01   2.4163569e-01   0.0000000e+00   4.1176471e-01   2.0000000e+00
   2.5109745e-01   3.7593985e-01   7.8841871e-01   3.7071651e-01   5.4107143e-01   9.0177134e-02   2.4814126e-01   0.0000000e+00   0.0000000e+00   2.0000000e+00
   2.5987709e-01   4.1353383e-01   7.7505568e-01   4.4236760e-01   4.8392857e-01   9.9838969e-02   2.3791822e-01   0.0000000e+00   0.0000000e+00   2.0000000e+00
   4.6619842e-01   3.7142857e-01   8.1959911e-01   2.6791277e-01   5.2500000e-01   8.6956522e-02   2.8717472e-01   0.0000000e+00   0.0000000e+00   2.0000000e+00
   3.3230904e-01   3.3082707e-01   8.1514477e-01   3.9563863e-01   4.8214286e-01   9.3397746e-02   2.8996283e-01   0.0000000e+00   2.3529412e-01   2.0000000e+00
   2.4231782e-01   3.3233083e-01   8.0400891e-01   3.0218069e-01   5.2500000e-01   9.0177134e-02   2.9460967e-01   0.0000000e+00   0.0000000e+00   2.0000000e+00
   4.2405619e-01   4.5864662e-01   5.0779510e-01   3.5514019e-01   3.8928571e-01   7.8904992e-02   4.1078067e-01   0.0000000e+00   3.3333333e-01   2.0000000e+00
   4.1834943e-01   4.2406015e-01   4.6547884e-01   4.2990654e-01   4.2321429e-01   8.5346216e-02   3.8475836e-01   8.5714286e-02   3.3333333e-01   2.0000000e+00
   3.9727831e-01   4.8872180e-01   3.0066815e-01   4.1744548e-01   3.4821429e-01   6.2801932e-02   4.7676580e-01   0.0000000e+00   3.5294118e-01   2.0000000e+00
   4.6619842e-01   4.5413534e-01   2.2494432e-01   3.3333333e-01   4.2500000e-01   5.3140097e-02   5.3066914e-01   0.0000000e+00   0.0000000e+00   2.0000000e+00
   6.5803336e-01   4.4661654e-01   0.0000000e+00   3.3333333e-01   2.5535714e-01   3.0595813e-02   7.4442379e-01   0.0000000e+00   1.9607843e-01   2.0000000e+00
   3.0640913e-01   4.0601504e-01   8.8641425e-01   2.7725857e-01   4.7857143e-01   9.3397746e-02   2.5278810e-01   0.0000000e+00   0.0000000e+00   2.0000000e+00
   3.0070237e-01   4.4812030e-01   8.7527840e-01   3.8940810e-01   3.5714286e-01   8.6956522e-02   2.5836431e-01   0.0000000e+00   2.9411765e-01   2.0000000e+00
   3.0553117e-01   3.9097744e-01   8.5746102e-01   2.9906542e-01   5.3035714e-01   8.3735910e-02   2.5000000e-01   0.0000000e+00   0.0000000e+00   2.0000000e+00
   2.9587357e-01   3.6992481e-01   8.6859688e-01   3.1464174e-01   4.5000000e-01   8.8566828e-02   2.7973978e-01   0.0000000e+00   5.4901961e-01   2.0000000e+00
   3.0333626e-01   3.4135338e-01   8.4632517e-01   2.4610592e-01   5.8214286e-01   9.0177134e-02   2.7416357e-01   0.0000000e+00   2.3529412e-01   2.0000000e+00
   2.6163301e-01   3.2481203e-01   8.0623608e-01   3.9875389e-01   5.6250000e-01   9.8228663e-02   2.4907063e-01   0.0000000e+00   0.0000000e+00   2.0000000e+00
   2.4539069e-01   3.0977444e-01   7.8396437e-01   3.8940810e-01   6.3392857e-01   1.0628019e-01   2.2955390e-01   0.0000000e+00   0.0000000e+00   2.0000000e+00
   2.4539069e-01   3.2180451e-01   7.9287305e-01   4.2056075e-01   5.9464286e-01   1.0466989e-01   2.3791822e-01   0.0000000e+00   0.0000000e+00   2.0000000e+00
   2.5241440e-01   3.9097744e-01   7.8841871e-01   4.1121495e-01   4.8750000e-01   1.0950081e-01   2.4907063e-01   0.0000000e+00   0.0000000e+00   2.0000000e+00
   3.2309043e-01   3.7142857e-01   8.0846325e-01   2.4299065e-01   5.3928571e-01   9.1787440e-02   2.7695167e-01   2.8571429e-02   3.3333333e-01   2.0000000e+00
   2.4012291e-01   3.1879699e-01   7.8173719e-01   3.5825545e-01   5.7142857e-01   1.0950081e-01   2.6022305e-01   1.9047619e-02   4.9019608e-01   2.0000000e+00
   2.6075505e-01   3.4135338e-01   7.7282851e-01   4.6728972e-01   5.1964286e-01   1.0628019e-01   2.5557621e-01   0.0000000e+00   0.0000000e+00   2.0000000e+00
   2.3924495e-01   3.3984962e-01   7.0824053e-01   2.9283489e-01   5.6428571e-01   9.3397746e-02   3.1412639e-01   0.0000000e+00   4.7058824e-01   2.0000000e+00
   3.1782265e-01   3.1879699e-01   8.1737194e-01   2.9595016e-01   4.9285714e-01   9.9838969e-02   3.0204461e-01   0.0000000e+00   6.8627451e-01   2.0000000e+00
   2.8709394e-01   4.3909774e-01   8.1514477e-01   2.5545171e-01   5.2857143e-01   1.7713366e-02   2.9460967e-01   0.0000000e+00   0.0000000e+00   3.0000000e+00
   2.1729587e-01   3.9097744e-01   7.8619154e-01   3.2710280e-01   5.1071429e-01   9.0177134e-02   2.6951673e-01   0.0000000e+00   0.0000000e+00   3.0000000e+00
   2.4363477e-01   3.7744361e-01   7.9510022e-01   3.3956386e-01   5.1607143e-01   9.0177134e-02   2.7973978e-01   0.0000000e+00   1.9607843e-01   3.0000000e+00
   2.3178227e-01   2.1503759e-01   7.8396437e-01   3.3021807e-01   5.5000000e-01   9.1787440e-02   2.8810409e-01   0.0000000e+00   0.0000000e+00   3.0000000e+00
   2.4143986e-01   3.6240602e-01   7.6837416e-01   4.5794393e-01   4.7678571e-01   9.6618357e-02   2.7416357e-01   0.0000000e+00   3.3333333e-01   3.0000000e+00
   4.4424934e-01   5.3984962e-01   8.6859688e-01   1.6822430e-01   3.0178571e-01   0.0000000e+00   3.7732342e-01   0.0000000e+00   0.0000000e+00   3.0000000e+00
   2.9148376e-01   4.3759398e-01   8.1291759e-01   1.1214953e-01   5.6964286e-01   9.6618357e-03   3.2527881e-01   0.0000000e+00   0.0000000e+00   3.0000000e+00
   2.1729587e-01   4.0451128e-01   7.5723831e-01   2.8971963e-01   5.1428571e-01   9.5008052e-02   2.6858736e-01   0.0000000e+00   0.0000000e+00   3.0000000e+00
   2.5417032e-01   3.2030075e-01   7.9732739e-01   3.1775701e-01   5.0000000e-01   9.8228663e-02   3.1226766e-01   0.0000000e+00   0.0000000e+00   3.0000000e+00
   2.3309921e-01   3.4736842e-01   7.5723831e-01   3.0218069e-01   5.7142857e-01   8.3735910e-02   2.9275093e-01   0.0000000e+00   0.0000000e+00   3.0000000e+00
   2.3705004e-01   4.0300752e-01   7.5501114e-01   3.0841121e-01   5.0535714e-01   8.3735910e-02   2.9925651e-01   0.0000000e+00   0.0000000e+00   3.0000000e+00
   4.4161545e-01   4.9624060e-01   8.3741648e-01   9.0342679e-02   3.5357143e-01   1.7713366e-02   3.9219331e-01   0.0000000e+00   0.0000000e+00   3.0000000e+00
   2.9016681e-01   4.2105263e-01   7.5946548e-01   3.8317757e-01   3.9821429e-01   9.3397746e-02   3.1226766e-01   0.0000000e+00   0.0000000e+00   3.0000000e+00
   2.9894644e-01   4.1654135e-01   7.4832962e-01   4.1744548e-01   3.8035714e-01   9.1787440e-02   3.1412639e-01   0.0000000e+00   1.7647059e-01   3.0000000e+00
   3.1474978e-01   3.9097744e-01   7.4387528e-01   3.8940810e-01   4.1607143e-01   9.0177134e-02   3.3085502e-01   0.0000000e+00   0.0000000e+00   3.0000000e+00
   3.5952590e-01   4.3759398e-01   7.8841871e-01   1.4330218e-01   5.0714286e-01   2.5764895e-02   3.2156134e-01   4.7619048e-02   4.7058824e-01   3.0000000e+00
   4.8112379e-01   5.2030075e-01   8.4187082e-01   1.9314642e-01   2.7678571e-01   3.7037037e-02   3.4479554e-01   0.0000000e+00   7.2549020e-01   3.0000000e+00
   1.7515364e-01   4.9323308e-01   5.9688196e-01   1.0000000e+00   1.4285714e-02   2.7053140e-01   4.0892193e-02   6.9841270e-01   0.0000000e+00   4.0000000e+00
   3.5118525e-01   3.0075188e-01   4.1202673e-01   4.8909657e-01   5.1428571e-01   9.6618357e-02   4.3308550e-01   0.0000000e+00   0.0000000e+00   4.0000000e+00
   4.6356453e-01   1.2481203e-01   4.1870824e-01   3.9563863e-01   5.4464286e-01   7.5684380e-02   5.5576208e-01   0.0000000e+00   0.0000000e+00   4.0000000e+00
   4.5478490e-01   4.5112782e-02   3.8084633e-01   3.9563863e-01   6.4821429e-01   9.3397746e-02   5.7527881e-01   0.0000000e+00   0.0000000e+00   4.0000000e+00
   3.7489025e-01   2.8721805e-01   0.0000000e+00   4.2367601e-01   7.0357143e-01   6.1191626e-02   5.6691450e-01   0.0000000e+00   0.0000000e+00   4.0000000e+00
   2.4187884e-01   3.2030075e-01   0.0000000e+00   4.7975078e-01   7.2678571e-01   1.5619968e-01   4.4052045e-01   0.0000000e+00   0.0000000e+00   4.0000000e+00
   3.8586479e-01   3.8195489e-01   0.0000000e+00   4.5794393e-01   5.7500000e-01   7.5684380e-02   5.4739777e-01   0.0000000e+00   0.0000000e+00   4.0000000e+00
   5.5048288e-01   4.0751880e-01   0.0000000e+00   4.0186916e-01   4.3035714e-01   5.1529791e-02   6.3289963e-01   0.0000000e+00   0.0000000e+00   4.0000000e+00
   8.8235294e-02   3.4436090e-01   0.0000000e+00   8.5669782e-01   1.1964286e-01   1.0000000e+00   1.4219331e-01   0.0000000e+00   0.0000000e+00   4.0000000e+00
   9.0430202e-02   3.4135338e-01   0.0000000e+00   8.5046729e-01   1.5892857e-01   1.0000000e+00   1.3940520e-01   0.0000000e+00   0.0000000e+00   4.0000000e+00
   4.0737489e-01   3.9849624e-01   0.0000000e+00   3.4579439e-01   4.3571429e-01   5.3140097e-02   6.5706320e-01   0.0000000e+00   0.0000000e+00   4.0000000e+00
   4.1395961e-01   3.1879699e-01   3.5857461e-01   5.8566978e-01   4.2321429e-01   1.2238325e-01   3.9684015e-01   7.6190476e-02   1.0000000e+00   4.0000000e+00
   4.4073749e-01   3.3684211e-01   7.3496659e-02   3.8006231e-01   6.3928571e-01   2.0933977e-02   5.4275093e-01   0.0000000e+00   5.4901961e-01   4.0000000e+00
   3.4679543e-01   4.9172932e-01   5.3229399e-01   3.9563863e-01   4.5714286e-01   0.0000000e+00   3.8475836e-01   0.0000000e+00   0.0000000e+00   5.0000000e+00
   3.6084284e-01   4.6015038e-01   5.3674833e-01   2.8037383e-01   5.2678571e-01   0.0000000e+00   4.0334572e-01   0.0000000e+00   0.0000000e+00   5.0000000e+00
   3.1343284e-01   5.6090226e-01   4.9888641e-01   4.1433022e-01   4.5892857e-01   0.0000000e+00   3.5594796e-01   0.0000000e+00   0.0000000e+00   5.0000000e+00
   3.2352941e-01   5.0526316e-01   4.8775056e-01   4.2679128e-01   5.1071429e-01   0.0000000e+00   3.6152416e-01   0.0000000e+00   0.0000000e+00   5.0000000e+00
   8.0772608e-02   5.5187970e-01   3.8752784e-01   3.8940810e-01   8.4642857e-01   0.0000000e+00   2.0074349e-01   0.0000000e+00   0.0000000e+00   5.0000000e+00
   3.3933275e-01   6.4060150e-01   1.7371938e-01   4.5171340e-01   4.8035714e-01   0.0000000e+00   4.2007435e-01   0.0000000e+00   0.0000000e+00   5.0000000e+00
   3.5162423e-01   5.1428571e-01   0.0000000e+00   5.6074766e-01   5.2321429e-01   0.0000000e+00   5.0650558e-01   0.0000000e+00   0.0000000e+00   5.0000000e+00
   3.7489025e-01   5.7593985e-01   0.0000000e+00   8.4112150e-02   6.5535714e-01   0.0000000e+00   5.3810409e-01   0.0000000e+00   0.0000000e+00   5.0000000e+00
   0.0000000e+00   1.0000000e+00   0.0000000e+00   1.5576324e-02   1.0000000e+00   0.0000000e+00   1.1338290e-01   0.0000000e+00   0.0000000e+00   5.0000000e+00
   7.0237050e-03   4.4511278e-01   7.1269488e-01   4.7352025e-01   5.3571429e-01   2.8341385e-01   0.0000000e+00   3.7777778e-01   0.0000000e+00   6.0000000e+00
   3.1738367e-01   5.3984962e-01   7.2605791e-01   6.0124611e-01   2.5714286e-01   2.3510467e-01   3.3457249e-02   5.1746032e-01   0.0000000e+00   6.0000000e+00
   5.2677788e-01   4.0751880e-01   7.4387528e-01   2.9283489e-01   4.5892857e-01   9.6618357e-02   3.1598513e-01   0.0000000e+00   0.0000000e+00   6.0000000e+00
   4.9692713e-01   6.2105263e-01   4.8997773e-01   5.5140187e-01   8.0357143e-02   1.2238325e-01   4.0241636e-01   0.0000000e+00   0.0000000e+00   6.0000000e+00
   5.4872695e-01   7.6090226e-01   4.0757238e-01   3.1775701e-01   1.1071429e-01   4.9919485e-02   2.9553903e-01   5.3333333e-01   0.0000000e+00   6.0000000e+00
   2.1861282e-01   4.7368421e-01   3.9643653e-01   4.6728972e-01   5.8750000e-01   0.0000000e+00   3.0111524e-01   2.4126984e-01   0.0000000e+00   6.0000000e+00
   2.1378402e-01   6.1954887e-01   0.0000000e+00   6.5109034e-01   6.1964286e-01   0.0000000e+00   3.0947955e-01   2.0317460e-01   1.7647059e-01   6.0000000e+00
   2.2300263e-01   5.2180451e-01   0.0000000e+00   7.7881620e-01   6.5178571e-01   6.4412238e-03   3.3550186e-01   1.2698413e-01   1.7647059e-01   6.0000000e+00
   2.6514486e-01   6.0451128e-01   0.0000000e+00   5.3271028e-01   5.7321429e-01   0.0000000e+00   2.8810409e-01   5.0476190e-01   1.5686275e-01   6.0000000e+00
   2.4934153e-01   5.7593985e-01   0.0000000e+00   5.2647975e-01   6.2142857e-01   0.0000000e+00   2.8717472e-01   4.9841270e-01   1.3725490e-01   6.0000000e+00
   1.8876207e-01   5.1278195e-01   0.0000000e+00   7.4454829e-01   6.3928571e-01   1.2882448e-02   3.3828996e-01   1.9365079e-01   9.8039216e-02   6.0000000e+00
   1.9359087e-01   4.7218045e-01   0.0000000e+00   7.0093458e-01   6.1071429e-01   2.2544283e-02   3.6988848e-01   2.5714286e-01   1.9607843e-02   6.0000000e+00
   2.6865672e-01   5.9699248e-01   0.0000000e+00   6.3862928e-01   6.1964286e-01   0.0000000e+00   3.2713755e-01   2.0952381e-01   0.0000000e+00   6.0000000e+00
   1.8261633e-01   5.4887218e-01   0.0000000e+00   7.3831776e-01   5.8750000e-01   6.4412238e-03   3.3921933e-01   2.0317460e-01   0.0000000e+00   6.0000000e+00
   2.1685689e-01   6.4360902e-01   0.0000000e+00   6.9158879e-01   5.7857143e-01   8.0515298e-03   3.1598513e-01   1.6825397e-01   0.0000000e+00   6.0000000e+00
   1.7251975e-01   6.6466165e-01   0.0000000e+00   6.1059190e-01   6.5892857e-01   0.0000000e+00   2.7044610e-01   2.0000000e-01   0.0000000e+00   6.0000000e+00
   2.3617208e-01   1.8345865e-01   0.0000000e+00   2.8037383e-01   9.5892857e-01   4.3478261e-01   3.2527881e-01   0.0000000e+00   0.0000000e+00   6.0000000e+00
   1.7515364e-01   6.1954887e-01   0.0000000e+00   6.6355140e-01   6.9821429e-01   0.0000000e+00   2.7509294e-01   1.7777778e-01   0.0000000e+00   6.0000000e+00
   2.3836699e-01   6.1203008e-01   0.0000000e+00   5.2959502e-01   5.8928571e-01   0.0000000e+00   2.6486989e-01   5.4285714e-01   0.0000000e+00   6.0000000e+00
   2.2036874e-01   6.3458647e-01   0.0000000e+00   6.1682243e-01   6.2321429e-01   0.0000000e+00   3.0483271e-01   2.1269841e-01   0.0000000e+00   6.0000000e+00
   2.7085162e-01   6.3458647e-01   0.0000000e+00   4.7040498e-01   5.6785714e-01   0.0000000e+00   2.9553903e-01   4.9206349e-01   0.0000000e+00   6.0000000e+00
   2.3266023e-01   6.3308271e-01   0.0000000e+00   4.9221184e-01   5.8928571e-01   0.0000000e+00   3.0111524e-01   4.3809524e-01   0.0000000e+00   6.0000000e+00
   3.1431080e-01   5.5037594e-01   0.0000000e+00   4.7663551e-01   5.4464286e-01   2.2705314e-01   9.6654275e-02   9.1428571e-01   0.0000000e+00   6.0000000e+00
   2.3046532e-01   5.4736842e-01   0.0000000e+00   7.6323988e-01   5.4285714e-01   0.0000000e+00   3.7360595e-01   1.7142857e-01   0.0000000e+00   6.0000000e+00
   2.2300263e-01   5.1278195e-01   0.0000000e+00   8.0685358e-01   5.0000000e-01   1.2882448e-02   3.4851301e-01   3.3650794e-01   0.0000000e+00   6.0000000e+00
   2.5021949e-01   6.3007519e-01   0.0000000e+00   5.2959502e-01   5.8035714e-01   0.0000000e+00   2.7602230e-01   5.0476190e-01   0.0000000e+00   6.0000000e+00
   4.1703248e-01   5.4586466e-01   0.0000000e+00   5.3894081e-01   6.4464286e-01   0.0000000e+00   2.7973978e-01   5.2063492e-01   0.0000000e+00   6.0000000e+00
   2.3529412e-01   5.4887218e-01   0.0000000e+00   5.1401869e-01   6.7857143e-01   0.0000000e+00   2.8345725e-01   4.9841270e-01   0.0000000e+00   6.0000000e+00
   2.6163301e-01   5.2631579e-01   0.0000000e+00   5.5763240e-01   6.3392857e-01   0.0000000e+00   2.9646840e-01   5.3015873e-01   0.0000000e+00   6.0000000e+00
